GCSs_coordinate	N3E
2557803	7,096566301
3638430	7,171678868
211337	7,178051552
3299971	7,2114781
1790902	7,21976472
2702454	7,246655793
447638	7,271081409
2850690	7,297735721
3676012	7,324168714
2066129	7,34748589
3961382	7,36567019
4171496	7,379905897
2314025	7,417069882
3253336	7,418951484
3253341	7,418951484
4161552	7,419098475
3235394	7,419466234
946612	7,422742507
3859866	7,429356598
3298388	7,445550849
3320772	7,450697858
3303586	7,452501831
3253363	7,458935021
1993171	7,464368251
2841231	7,465778675
1988147	7,474952274
4091605	7,484868651
2280736	7,494988558
2599750	7,498430443
4097042	7,533751515
2817092	7,553127792
1115729	7,55911638
4023994	7,565985297
679504	7,573473625
121848	7,582163653
581485	7,591133088
3793086	7,602758806
3648653	7,609781119
594405	7,621106723
1017224	7,633252293
3483384	7,634345296
3253421	7,649190982
3253426	7,649190982
3263858	7,650086078
3692384	7,654589687
399403	7,657589429
439639	7,658941224
3086074	7,675972598
442480	7,676126189
556680	7,677182926
3841722	7,683554344
932231	7,685299591
3320065	7,686544826
2314560	7,700454149
2253407	7,702988195
3700365	7,704502101
369260	7,712603441
3692798	7,712742593
847937	7,712783909
4341659	7,722171017
4369699	7,726427649
3692378	7,730460244
1734683	7,731769156
979367	7,736728764
1988920	7,74652788
3436164	7,758862787
3122198	7,767873021
2304028	7,780240144
4350462	7,782255693
851626	7,78890039
3232756	7,832632392
2568846	7,8386106
45359	7,847941316
3183481	7,852342062
983106	7,861509391
98974	7,869008584
3984794	7,877703769
3849533	7,87940608
3443422	7,885933972
3885555	7,890519846
4313376	7,894935133
2651775	7,89656838
1172434	7,900697995
3789068	7,902748076
2387854	7,904601313
4243546	7,918193427
3692786	7,921114581
3018839	7,928072226
4121796	7,943128892
4100494	7,944479889
149483	7,94640017
110558	7,946654205
3543051	7,947992791
3737756	7,950922096
3845797	7,954620896
1756420	7,956815088
1739236	7,9603645
3962632	7,962008029
3692375	7,963344329
2069008	7,963388374
3692369	7,963453596
2650014	7,972652988
610822	8,018320628
4095574	8,022448246
31004	8,024391472
2541961	8,0263313
741409	8,03303599
411683	8,033544614
3948353	8,034167964
742104	8,035552327
2631289	8,036112189
3253349	8,038037553
3677788	8,040889525
1194105	8,044089827
629285	8,044855953
344538	8,045628312
3178557	8,046903183
3988404	8,047311839
232184	8,049583659
392232	8,057077509
2151394	8,062662148
3323129	8,073519101
2693096	8,087956855
3399492	8,094802557
3031877	8,115893175
2192569	8,118976267
1378548	8,120821218
4392990	8,124218844
1115733	8,129435452
2409563	8,141647656
3785812	8,142666377
2589652	8,146054362
3294727	8,149162413
1617577	8,156434564
1329126	8,162406573
747528	8,170936365
1227138	8,173371127
984081	8,174073524
4081418	8,184854659
3232740	8,192683869
3700069	8,198137876
1139064	8,198527966
3183482	8,214954523
2789413	8,217684189
115110	8,221529626
1843102	8,228284924
3682964	8,238041747
2260030	8,25779016
204167	8,262407179
4101236	8,267131019
2278552	8,269345729
4023180	8,271246895
3900007	8,273066297
3165560	8,278288693
1993170	8,278724974
3542239	8,279778888
4370299	8,282379398
4370304	8,282379398
4476613	8,293633989
2893282	8,300949069
3996560	8,315303347
201246	8,320630488
2828762	8,320965009
3213091	8,338397082
1796422	8,349866919
802700	8,354771796
3984346	8,355454717
467250	8,356921724
2214236	8,357003529
4550267	8,359453914
2527647	8,364110953
3296138	8,368199033
3585471	8,370074903
411959	8,372797401
928498	8,378735414
3551742	8,380222217
3840875	8,381434197
3841802	8,382043324
3844955	8,38916765
3006980	8,389264252
3691916	8,391134412
1731262	8,393026329
36957	8,393922394
826325	8,396937682
3777632	8,403285005
28995	8,411166435
1741562	8,415750319
3692379	8,416514956
1351986	8,420841512
2813092	8,422468142
574534	8,425757967
2589655	8,428194757
4320308	8,429433016
1000809	8,434602368
596268	8,438829739
3461292	8,439094712
3205989	8,439684036
3170339	8,440843568
4094472	8,464425137
2059239	8,469253348
3540760	8,472159165
4160502	8,482192666
32487	8,484318042
4359371	8,492242129
1970142	8,496092192
1681652	8,497594051
3948352	8,510777925
3449081	8,51207253
3170187	8,525388492
3248726	8,535976873
3805551	8,547293236
2420824	8,547968108
2568100	8,550366933
2180201	8,554452919
3961177	8,554795601
3846837	8,564272768
3846902	8,564285905
244314	8,566213445
3294729	8,568144536
4397986	8,581760976
2460468	8,586272342
2587446	8,588771661
3018837	8,597415247
1114618	8,599269167
2312375	8,611876609
3754060	8,61549688
2214626	8,617837531
4298366	8,620999194
52293	8,624988332
3561253	8,630431047
37163	8,649041845
742180	8,670931644
2218849	8,67099094
133885	8,67474312
428339	8,693874389
583228	8,70553011
3122441	8,722443235
261161	8,729007778
1993172	8,729527572
4125830	8,736403307
1070608	8,736466375
3948647	8,740656959
990259	8,747136908
3839005	8,752183654
3252676	8,755091669
4097368	8,755210417
2492114	8,756642611
4273381	8,766469966
4283399	8,77558529
943741	8,775976733
1162090	8,776438484
3357733	8,785279529
3272324	8,790850955
2182789	8,794657872
3961178	8,795189062
3977513	8,795561844
3084026	8,807024389
238807	8,814006955
3755440	8,817017163
607133	8,820746785
2656119	8,8238953
2651774	8,836061552
389861	8,84021581
2468109	8,840436833
261857	8,847333343
3839895	8,852265863
2221481	8,864704796
1951036	8,867732845
3746738	8,868300212
1662223	8,871706387
37164	8,873871058
949257	8,876115136
194921	8,878893654
2528220	8,882474902
143954	8,886894188
3627264	8,888259898
3473582	8,892500322
3974466	8,897979713
381043	8,89813298
1902833	8,902291764
4206922	8,902939852
248538	8,905486387
4314450	8,908352407
4154536	8,90998065
3216513	8,911888728
2586376	8,91225745
1890605	8,939857776
1890610	8,939857776
4081358	8,943185972
725076	8,943362828
997889	8,949718814
3401410	8,963378924
3846905	8,986464836
3418618	8,991126996
4115146	9,000671264
4350463	9,003733604
35132	9,004258712
1484502	9,00478883
989755	9,02172834
2698903	9,024804908
4284804	9,026133685
3253513	9,026752645
913214	9,028574368
247125	9,042018355
3291280	9,05286044
1372246	9,055667827
2278547	9,057628974
3655662	9,060253399
3388805	9,062975452
723574	9,063608137
3181476	9,070908089
2932340	9,075311599
3953760	9,077724082
3691384	9,079537745
3948429	9,087043171
3740904	9,087555485
3275892	9,095540602
2198409	9,097951318
3763407	9,098216021
4411028	9,107577666
207545	9,112426877
2433471	9,114735035
2924663	9,115347686
743631	9,116498099
3947717	9,117736233
3947841	9,118295951
1039573	9,127987522
395314	9,130146323
260496	9,130320375
1020360	9,131230554
3692372	9,132303992
3692377	9,132303992
132809	9,137586048
3266781	9,142096789
2398539	9,142358496
3959114	9,143334038
985152	9,153750077
2876130	9,155152191
3785316	9,155923896
2606260	9,16070497
1988570	9,162815004
409946	9,165793531
2420278	9,168214408
2610657	9,170306181
354012	9,17181683
3461291	9,174624291
4085605	9,176144432
2574955	9,178637242
3181353	9,178720949
4241786	9,179682393
4537190	9,185620017
1992908	9,186504723
2187727	9,188222731
851636	9,201031238
943365	9,205836076
205740	9,207905279
201685	9,222072166
1966379	9,222595964
2269733	9,225863614
3838625	9,23006456
37157	9,239953982
407819	9,24332984
995845	9,243842905
1739235	9,249496894
3804386	9,259074624
3159304	9,260783637
1190192	9,260973039
3846103	9,263764681
949256	9,264190582
3961427	9,26594761
1314372	9,279929921
2890355	9,283951841
1992704	9,287587829
3871210	9,28855143
2582369	9,289461829
1115735	9,294302627
2591753	9,30161202
3955978	9,306226128
3983934	9,307591147
4173740	9,30943601
951091	9,315012484
407786	9,316830565
988068	9,317279208
2580305	9,317619394
2560247	9,321947427
3977035	9,321975929
3843497	9,328623818
4131293	9,333576373
4146750	9,333690671
2137497	9,340782629
3490351	9,341444905
3509403	9,341698768
258126	9,345254459
2438637	9,361754391
4346830	9,368293493
2535091	9,37669814
943699	9,381960479
1858208	9,383653743
450860	9,39084126
3178932	9,391182997
2782433	9,391398999
2712137	9,39844241
3431709	9,402670669
1293967	9,405497812
3272570	9,4067352
653182	9,408520517
4155229	9,412437937
3861292	9,420689867
3298203	9,420928259
3300596	9,427343087
2582075	9,427686917
4083047	9,442815237
1294411	9,445115402
1223568	9,445781647
1158728	9,460403809
3766660	9,460664762
2305081	9,481025712
2476050	9,48170401
2876134	9,486150421
3802301	9,486779462
1166333	9,491643864
2645002	9,495968483
4198610	9,498867575
3166026	9,51431089
139691	9,514637838
2311970	9,520440742
3165833	9,524017616
1179679	9,528969677
3958197	9,540755662
4475423	9,54236965
439020	9,543404404
912149	9,548475159
351579	9,549006986
3837855	9,550367593
34141	9,560591284
3966408	9,561955679
1336871	9,570935062
2850657	9,575074674
3547237	9,576195174
997967	9,578387013
2591140	9,586264405
2581573	9,592166538
2136386	9,594461516
2196200	9,603508736
1655470	9,607305363
1291284	9,616218253
3232936	9,635325464
4026620	9,642778018
2222950	9,644428774
3409089	9,64516369
3050590	9,652844531
2651771	9,66380125
745111	9,677421217
1734766	9,683977658
3414712	9,692780971
259847	9,700070408
2556785	9,705734059
4166983	9,71248291
3948626	9,714318698
1194098	9,715943831
731862	9,71987854
732582	9,731787355
2198186	9,741310258
2528862	9,742449508
236774	9,743359857
3181766	9,745717
2545972	9,746523449
3230701	9,746785498
2893280	9,75685546
923528	9,760394323
698038	9,764598707
4126055	9,769102488
4080611	9,774798112
1734690	9,788233859
1359958	9,793670763
436043	9,799440338
3743617	9,814927911
1858203	9,815616929
2199186	9,817218799
4179689	9,818482464
3948237	9,827056094
589468	9,827850657
2219781	9,837384641
2657319	9,839286308
4002612	9,842288225
2562397	9,844598196
3354216	9,85441379
594403	9,855285996
2579586	9,855926843
3436247	9,857187208
439029	9,861365479
3543606	9,864027133
3948356	9,865647082
3107199	9,867725804
383123	9,873854686
618464	9,875019895
2620622	9,888261672
3326238	9,894561846
4114369	9,895288838
478597	9,906843762
2375264	9,912337448
3355576	9,913087754
3948648	9,921854517
3952493	9,921889198
723785	9,932463923
3792577	9,933589119
2652835	9,93873059
948838	9,951450251
2519835	9,952630292
4179696	9,953361262
3458032	9,958277433
4081138	9,963793916
2890350	9,966252688
4097046	9,967285086
848399	9,969902942
3431198	9,971351257
1231137	9,979728266
3303568	9,983398146
118963	9,992284657
3252675	9,992759077
3755792	9,999852778
2220455	10,00016023
3328513	10,01615151
2271362	10,02270845
2458010	10,03709656
3302592	10,04457366
988069	10,04708227
3165832	10,05757996
2044270	10,06132732
1969670	10,06928484
408870	10,07200998
3700070	10,07218725
983184	10,08762641
4209730	10,08771915
3442905	10,08861194
1338712	10,08862763
3885462	10,10783859
3018832	10,10897552
3778446	10,10998911
2283088	10,11048195
3742500	10,12815236
3215457	10,13275074
2883812	10,13312136
2487698	10,13473379
3776673	10,1362035
2094010	10,13681646
113250	10,14392881
406957	10,14469695
944057	10,15155079
2198408	10,16115094
3176209	10,17016178
495102	10,17271011
3798033	10,17338953
3240997	10,17760116
2497238	10,18069666
2169560	10,19299714
3737386	10,21504397
2858574	10,21630127
4093734	10,21909484
402695	10,23350281
3773693	10,24534106
742940	10,25289064
659762	10,26256132
3757316	10,26637266
4249063	10,26699984
4142189	10,27093508
1458695	10,27326893
2184453	10,28318236
3289035	10,29006895
434429	10,29151622
3738758	10,29781678
1970208	10,2993029
2620618	10,30832034
389488	10,31492533
363842	10,32157675
3280219	10,32493737
3360687	10,3255861
2264094	10,32795969
2653151	10,32852583
1226989	10,33120208
2591107	10,3375925
4252126	10,3376433
4114957	10,35361853
2322963	10,35672926
3018828	10,35765287
4144332	10,36363564
4097561	10,37317349
234561	10,38199849
4055741	10,3834625
1017887	10,38375354
4301930	10,384008
2559695	10,38499123
216325	10,38866203
450319	10,39622161
2316333	10,39966834
132890	10,40846744
1188811	10,41593212
2532999	10,41895667
1086593	10,43175434
148914	10,44067798
3179910	10,44808618
3877090	10,45502558
393633	10,45587291
1811612	10,45638917
3889697	10,45651659
4086076	10,46141698
4166022	10,46160809
3754466	10,46841442
742309	10,4702722
4003898	10,47223007
4039985	10,48530525
1378547	10,49083707
740879	10,49089617
4471501	10,49249032
403067	10,5018723
471624	10,50227268
2560246	10,50696175
47835	10,50709027
2198522	10,51025661
1021281	10,51970821
976241	10,52729568
1081135	10,54188018
77270	10,55067626
4002607	10,56022715
2413862	10,56159075
4144845	10,57409505
3816831	10,57474672
3877089	10,58947466
1963616	10,59522646
36962	10,59696084
4179098	10,60515594
4393368	10,60545615
4349044	10,61139434
2585866	10,61547438
4198609	10,62044135
1975946	10,62345162
3700068	10,63307701
2251007	10,63316124
2215097	10,63694479
52291	10,64026396
724940	10,64190899
3098934	10,64362192
3160543	10,64647708
1443634	10,64839813
1911606	10,66003454
2525058	10,66080741
3870844	10,66678091
931677	10,6671518
3076350	10,6845609
741445	10,68513358
2501080	10,69370747
3886879	10,69497379
2224613	10,69910174
3785808	10,70839527
416170	10,70948161
3839557	10,71175864
3063369	10,7187269
3165870	10,73294499
1785592	10,7339461
3976600	10,73681233
385272	10,74358654
3864930	10,74589511
4312035	10,74746669
3278555	10,74963343
2492111	10,7506813
1457795	10,75731554
3657684	10,77118491
3253518	10,77163025
236090	10,77830044
175962	10,78161657
1470615	10,78635216
3736753	10,7868797
705947	10,79277736
3795000	10,79405457
3983935	10,79777923
2591421	10,79839251
4549128	10,79972008
814226	10,81544534
3253345	10,82241931
2448585	10,82310921
1955413	10,82864524
3160843	10,83458518
1022346	10,8354701
1912246	10,84059049
2524436	10,84549877
2584944	10,85629126
2581709	10,85670364
592816	10,86606492
2523978	10,86871667
416714	10,87535991
4124289	10,87809993
1372252	10,88279632
3253271	10,88696587
2867681	10,88714734
4136716	10,8903616
2893281	10,89132656
2394018	10,89241538
2542248	10,89307904
3360769	10,90060188
743495	10,90170241
210047	10,90447976
3996268	10,90747963
1724668	10,90800679
3300595	10,91637731
3743581	10,91686453
3098153	10,92975097
3269314	10,93082569
2586607	10,93492703
4081198	10,94188253
721941	10,94490105
3301699	10,95418172
3248687	10,95502907
948837	10,96533492
806972	10,97352163
4025459	10,97835136
4103126	10,98043527
1610963	10,98935574
3843498	10,99311737
4132863	10,99394793
2384031	10,99451601
913218	11,00831332
4002803	11,00914338
3637958	11,01411263
3597659	11,01912733
3963431	11,02083602
1229884	11,02633476
3249379	11,03605468
3384839	11,0363664
3396337	11,0364144
2409330	11,03900011
2251002	11,04402
1858207	11,04940418
3784793	11,05349221
2656943	11,05727295
1994883	11,05847562
4152686	11,06581932
956247	11,07134864
2122378	11,07429461
2656911	11,07437664
3218030	11,08402824
519515	11,0841792
3757317	11,09150942
2185741	11,09346896
4098859	11,09581374
541906	11,09656535
4191701	11,09985697
3769925	11,10022011
1884462	11,10130333
48638	11,10437523
1667802	11,11397837
2586908	11,12016793
855129	11,12128866
1712842	11,12346929
3839901	11,14943889
4543809	11,14998332
3782971	11,15060207
2412363	11,15139238
1996095	11,15893808
3253350	11,16105721
4241685	11,1651825
3963187	11,16740655
2693097	11,18358705
905556	11,19539361
3661430	11,19870382
2650477	11,20059866
3949580	11,21111811
104414	11,23945876
2869993	11,2455057
1976663	11,2465855
3692789	11,24683348
139676	11,25007972
2631656	11,25927429
2963952	11,26027618
3743616	11,26283743
943253	11,26528032
812201	11,27448379
943737	11,28587828
3784264	11,29113757
3292858	11,29313919
3297824	11,298936
29017	11,30062715
3780848	11,31178053
973537	11,3144485
4228362	11,31478271
1231138	11,31669888
3839904	11,33053473
951683	11,33439738
1683894	11,34358455
2496439	11,34690758
246087	11,34872469
4346108	11,35061771
2454376	11,36143346
4101136	11,36327652
55107	11,36518724
3861107	11,38330312
2788984	11,38478819
3143252	11,38634002
931678	11,38637616
740096	11,39148399
1587877	11,39232065
3172245	11,39334406
3270641	11,40164593
4089868	11,40473483
4089873	11,40473483
52440	11,40554248
2631287	11,40840853
4107631	11,41265097
2620617	11,41687209
344574	11,42202352
1871409	11,42847442
3143251	11,44157804
2750744	11,44223988
4543376	11,45189004
3430090	11,46333557
3738756	11,46903428
3841017	11,47131994
3949483	11,4796214
4103838	11,48358052
4162890	11,50576059
2198181	11,51014764
4287023	11,51173634
417673	11,51809596
3275514	11,51972505
3846872	11,52324978
3363136	11,54683987
4478563	11,56203607
4425084	11,5701619
3776300	11,57477545
946309	11,58459978
1968796	11,59115993
3984407	11,593155
626097	11,60452202
2244177	11,60559107
3280221	11,6116545
3280226	11,6116545
3761189	11,61533295
3797590	11,61772371
2705127	11,62282045
552696	11,63322079
3839893	11,64603356
4113181	11,65349291
3367613	11,65815582
3232323	11,66184164
389483	11,6632969
3540761	11,6655202
3784423	11,66962528
136647	11,68296187
4432356	11,68425317
2985546	11,70583307
3275982	11,7085768
37162	11,71069612
1988146	11,71211364
3430820	11,72436903
383120	11,7255241
1675741	11,73678176
394338	11,73987639
3847222	11,74018299
389864	11,74847748
814220	11,74869083
4179588	11,74969846
4122668	11,75166064
3838930	11,75416579
4155629	11,75577852
3742868	11,75822593
855130	11,76185271
2656299	11,76443784
2420272	11,76780288
1727545	11,77553553
3554511	11,78135252
480300	11,78426795
160441	11,79795601
2914295	11,79964578
3272319	11,80442014
1334079	11,80486282
2579580	11,81759879
3859771	11,82331295
3935270	11,82614909
3360767	11,84414358
2851954	11,84936103
4370101	11,84996423
741446	11,86025722
3776483	11,86444539
42442	11,8649519
4081350	11,87200133
737063	11,872522
3563572	11,87579467
3793405	11,88207021
4082222	11,8868463
2496483	11,90367091
3253514	11,91868083
3280227	11,92145327
2436662	11,92368
1115732	11,93488931
3503674	11,93640747
3945523	11,94164537
3222346	11,94353459
4087136	11,94951594
4224411	11,95037356
2630926	11,96680826
2651769	11,96760249
4144410	11,97073471
3257373	11,97590972
3205990	11,9834982
3866117	11,99993856
3952546	12,01253346
3984371	12,01856911
3461290	12,02470687
2587212	12,02803746
1879394	12,03419454
1115734	12,04195613
3948357	12,04332506
613230	12,04755374
256312	12,05557687
3508628	12,06369173
2207890	12,07189467
1890615	12,07666576
403072	12,07797538
4090388	12,08752802
3178488	12,09643237
3839578	12,09895241
3652136	12,09910438
1187580	12,09936689
3804381	12,11192263
3198157	12,12349488
2093464	12,12383348
4101972	12,12865532
2586883	12,13172134
3504470	12,14019
4224963	12,15517414
12675	12,16703004
3483105	12,16932577
436186	12,18527634
4100164	12,18795207
4096459	12,19104618
3171726	12,1984688
142684	12,20913129
4330720	12,2125959
3086189	12,21593058
3276934	12,22277859
128078	12,22332983
3961431	12,22513067
3649590	12,22706234
856207	12,23448923
828181	12,23678427
1195554	12,23862784
1115737	12,24132025
3369052	12,2637226
206986	12,26793742
55108	12,27047474
236022	12,27518448
3292972	12,28064842
4320867	12,29450005
2812272	12,29829234
4283403	12,3023048
