GCSs_coordinate	N3E
12675	12.167030040139899
15212	15.405330040993269
15213	26.44501833121306
15218	14.77512862815731
17638	14.169931200659779
28632	33.6672202018213
28995	8.411166435042336
29017	11.300627147597766
31004	8.024391472021717
31726	28.703654060372116
31734	25.06559345615625
32487	8.484318041588883
34141	9.56059128390498
35132	9.004258711924923
35317	41.07144906618042
36957	8.393922394176357
36962	10.596960837610018
37157	9.239953982481907
37161	18.7388363758286
37162	11.710696116615274
37163	8.649041845373734
37164	8.873871057661658
37181	16.945024125057632
42442	11.86495189778455
45359	7.84794131579208
46952	13.527764400159615
47733	15.477547461197261
47835	10.507090273209343
47932	16.37572276082074
48638	11.104375230184083
51956	37.36655700161736
52291	10.640263959320766
52293	8.624988331943525
52440	11.40554247715379
55107	11.365187243347966
55108	12.270474736157038
70694	14.638237054921396
77270	10.550676257493771
98974	7.869008584318912
104414	11.239458758619367
106442	26.3289818451755
106443	20.13789865858149
107074	18.92183575288395
110558	7.946654204705606
113250	10.143928811797725
115110	8.221529625925132
117413	16.759557315747973
117821	13.265038690141674
118687	15.317304645684239
118747	12.781922474491543
118963	9.992284657392913
121848	7.582163652864477
126104	13.66735985574845
128078	12.223329826377274
131418	15.826838513820707
132809	9.13758604796816
132821	43.215956829144005
132890	10.408467439582097
133727	15.5749856377652
133885	8.674743120241692
134984	17.469044989515304
135586	23.17924487668869
135678	14.074060800433534
136044	17.00356512654999
136647	11.68296187059535
136704	28.92864104155784
137611	43.32834216587078
138041	18.492699841012808
139676	11.250079722394805
139690	14.615251470243585
139691	9.514637838199276
142684	12.209131286472353
143954	8.886894187519438
143955	20.604459813179854
143956	18.00355350050945
148844	12.540890721780727
148913	14.886787905112891
148914	10.440677978371268
149483	7.946400170123114
160441	11.797956010806233
160771	13.392126316373844
164266	46.28931310495279
175330	14.20494413686186
175962	10.781616565435991
187264	12.58831027312895
188460	20.878754177334276
194921	8.878893654287156
198934	17.83022030275575
199289	14.85558305060026
199290	19.68039947412283
201246	8.320630487996674
201685	9.222072165780476
202363	13.056800578435437
204167	8.262407179088104
205740	9.207905278803864
206986	12.267937424307895
207545	9.112426876941209
207592	13.496463812274508
210047	10.904479755710312
211337	7.178051552287005
215799	14.430336230798277
216324	23.836613536511667
216325	10.388662030079317
232184	8.049583658565517
232942	14.41514350256696
232943	14.225469431945783
232965	40.05348590267553
234561	10.381998494683913
234723	31.36228616537314
234904	17.619673713471084
235667	17.433409571337513
236022	12.275184477351127
236090	10.778300444134242
236222	20.83501007446996
236223	14.780260002204349
236773	14.535175699258481
236774	9.7433598569326
238559	43.3215125373834
238807	8.814006954711527
239415	19.294998038962152
244310	13.474746902465654
244312	12.49005268150711
244314	8.566213444827737
246087	11.348724694898209
246092	12.812740152313802
247125	9.042018354850534
248538	8.90548638700235
249823	14.740002090904607
256312	12.055576869259934
258126	9.345254458703378
258294	28.172148916114747
258475	55.80121289911906
259847	9.700070407911518
260496	9.130320374848655
261161	8.729007778481645
261857	8.847333343282878
266357	13.053193349216334
343989	13.134761829993767
344538	8.0456283119921
344574	11.422023515645972
346423	14.976588560547262
348132	12.994439261789715
351579	9.549006986343638
352193	15.512724487953536
352417	20.35323969844436
354012	9.171816830317006
363842	10.321576753673758
369260	7.712603440650248
381043	8.89813297983435
383118	24.180035661743652
383120	11.72552409949431
383123	9.873854685940529
385272	10.743586543945565
388072	14.624650786660903
389301	12.323626125088655
389483	11.663296895404208
389484	39.47411911567068
389488	10.314925330526531
389861	8.840215810209433
389862	26.205675613506333
389863	19.229976746912072
389864	11.748477484221638
390815	16.25972462720496
392232	8.05707750924316
393633	10.45587290562858
394338	11.739876390271796
395314	9.130146323316444
399052	25.696079179180153
399403	7.657589429493724
399405	24.357181521658735
399771	19.521490904641407
401504	50.18081203168424
401991	17.396589566091066
402695	10.233502814308725
402696	24.83505808575983
403066	13.115847430433927
403067	10.501872297048903
403070	24.69183934238467
403071	16.27664280368681
403072	12.077975376282959
403435	17.997308970826385
403505	14.780773739003402
403853	15.809442953639625
405853	34.56494192996144
405939	14.754035084016998
406567	13.973492333115633
406957	10.144696951741304
407785	20.041514537726744
407786	9.316830564962517
407819	9.24332983999659
408870	10.072009982478122
409611	61.24022306382346
409823	52.13740791800128
409946	9.165793530767065
411683	8.033544614197329
411688	35.26420307793436
411959	8.37279740089314
414601	12.624864709276853
414904	13.078555957284966
415904	16.325103828049073
416170	10.709481609503083
416714	10.875359909169362
416956	44.85951702976786
417673	11.518095958874284
428212	30.02178912331309
428339	8.69387438929478
428987	17.365116405768845
432332	13.46934344764837
434429	10.291516223250625
436043	9.799440338248813
436186	12.18527633548494
437748	19.23770062827334
439020	9.543404403643269
439029	9.861365478803918
439296	13.49864996518231
439639	7.6589412243736525
439672	16.49558841174975
439673	13.481920328328213
439964	14.103732607134011
441274	13.997022169307087
441411	19.100075979799712
441721	12.89203525366877
442480	7.676126189123989
442892	16.105811703047067
447638	7.271081408886451
448581	17.227712931529744
450319	10.396221612458499
450410	13.947185101025996
450536	20.276305177689483
450860	9.39084126035658
451075	21.34329260464072
451544	12.790653517293583
463587	88.12433578036557
467151	25.072639817928774
467250	8.35692172431105
467585	18.11584461507972
467586	14.892836734951716
471584	18.96457218492769
471624	10.502272679019564
471693	18.309322507803124
475008	12.46518546844454
478597	9.906843762011034
480300	11.784267951851533
480301	30.447521659875296
483766	25.047365562564078
490482	48.81469147963802
495102	10.172710106845507
515162	28.378378400470883
519114	14.456949445622438
519515	11.084179201177431
524680	12.31264659366321
541906	11.096565349842711
552696	11.633220790428002
556680	7.677182926360684
572277	18.472512797080796
572334	12.421775492721633
574534	8.425757966889108
577360	14.62856819776964
581485	7.59113308754326
583228	8.705530109895497
589468	9.827850657498713
589469	23.676365089450425
591980	27.005110065661068
592816	10.86606492092642
594403	9.85528599557917
594405	7.621106723446351
596268	8.438829739199106
600131	19.218757544120745
603132	14.528119395985064
605143	15.05755757922483
606125	22.27466432223689
607133	8.820746784735691
610090	14.823370482742732
610822	8.018320628328361
610823	13.75010108619062
613230	12.047553742413006
613588	28.315623480882266
614671	17.75360592965834
614672	14.946788757433971
618464	9.875019894750425
618465	21.617606233906162
618466	33.99654679224064
619122	13.215868694733139
626097	11.604522019744003
626869	30.772620808132643
628329	12.382858575046486
629285	8.044855952595483
631506	24.980034953977967
640087	14.398333684042484
642357	13.947551700828935
653182	9.408520516612173
659762	10.262561318689377
679504	7.573473624858947
698038	9.764598706877122
698039	12.418453812290851
700682	16.481403278352396
701728	12.9329254476905
705946	15.941562026690661
705947	10.792777359482928
716936	16.760180919282636
718210	23.833881372196135
721941	10.944901046726384
723574	9.063608137460632
723785	9.932463922857762
724749	16.665633684574935
724940	10.641908994860506
725076	8.943362827716998
731456	27.73053893547562
731862	9.719878539655145
732582	9.731787355459009
735141	14.676239603995052
737063	11.87252199974916
739686	27.657779904355092
739874	91.79577224117543
740096	11.391483994445794
740097	22.266857163213718
740879	10.49089617147647
741409	8.033035989524647
741444	25.55516031582502
741445	10.685133578616371
741446	11.860257217098459
741447	23.40582332519539
742104	8.035552327099772
742180	8.670931643621605
742309	10.470272196520797
742584	14.72636805035723
742940	10.252890640703006
743495	10.901702413336633
743631	9.116498099449247
744480	28.204851034244644
744685	23.636983958814128
745109	13.482283043526524
745111	9.677421216875205
745501	17.52579938012103
747528	8.17093636527674
748085	23.83554383014884
757474	14.941308271043084
758062	15.207316664076886
795361	13.39468347015428
800448	36.76835023981608
802700	8.354771795583064
806972	10.973521631090827
812201	11.274483789538337
812851	13.240790290765409
814220	11.748690832989213
814226	10.815445338882615
825357	15.820411149175296
826325	8.396937681605717
828181	12.236784268601463
828414	12.545818029534857
847224	16.32580863696878
847937	7.712783908740459
848399	9.969902941794407
851626	7.788900389650072
851636	9.201031238209595
855129	11.121288662607954
855130	11.761852706821326
856207	12.23448923469057
905556	11.195393612685459
912149	9.548475158719226
913214	9.028574368478042
913218	11.008313315722235
923527	15.003591895554058
923528	9.760394322507796
928498	8.378735414174727
929394	12.86015155771219
931677	10.667151797864832
931678	11.386376162248144
932230	67.93211698055067
932231	7.685299591094601
942029	18.048143932463436
942286	24.04213531216512
943253	11.265280324864314
943365	9.205836075558192
943699	9.381960478979684
943737	11.285878281764827
943738	15.966362700653805
943741	8.775976733265626
944057	10.151550789420483
944075	24.354968508898594
946309	11.584599780021613
946582	12.389118434070596
946587	12.730641634653328
946610	15.248052898502786
946612	7.422742506630217
948837	10.9653349231586
948838	9.951450251348382
948864	14.936367068452412
949256	9.264190581649707
949257	8.87611513555732
949414	12.325929280043669
949415	18.86845587450077
951091	9.315012484358132
951353	12.445029050965974
951683	11.334397376178934
953292	20.08288450158513
956247	11.071348641962986
973537	11.314448496678898
975552	14.164253394568757
976241	10.527295675186835
979367	7.736728764073661
983106	7.861509391203018
983184	10.087626411825815
983361	24.6789095664691
984081	8.174073523823074
984610	12.84822954689974
984850	12.742631161260055
984851	17.57868893700176
985152	9.153750077417289
986689	13.202163674989372
988068	9.317279208096966
988069	10.047082274920838
988309	17.777136232643077
988602	13.391015512127687
988907	14.254677945449792
989755	9.02172833997516
990259	8.747136907685999
993199	18.419522728880036
995845	9.243842905247694
997889	8.949718813983903
997967	9.578387013173897
997968	19.349497880503087
997969	18.133033115337838
998820	22.056484028491692
999000	20.839138106906233
1000297	23.483556463266734
1000809	8.43460236825081
1009934	24.5347701693968
1009935	13.590314105347261
1017170	13.286336803005828
1017224	7.633252292836423
1017887	10.383753538275787
1018030	26.021202052306283
1018031	27.764721303712907
1020360	9.131230554020043
1020888	24.906009792222513
1021281	10.519708207691458
1022256	27.47979359361618
1022346	10.835470099074513
1022512	19.80265450978898
1023174	13.155404075564139
1023714	28.391699872686544
1030240	19.404420400814402
1039573	9.127987522139547
1039578	18.66939874430693
1039583	20.77595488650064
1048771	18.88088823693082
1070608	8.736466374997772
1081135	10.541880182737383
1086593	10.431754344334081
1098829	13.278168244153845
1098834	14.59947078127894
1102662	21.46816084720734
1114617	42.035689227287
1114618	8.599269167029355
1115729	7.559116380357892
1115732	11.934889313453743
1115733	8.129435451719521
1115734	12.04195612739762
1115735	9.294302626549435
1115737	12.241320245279663
1115739	13.237762889811554
1115744	15.477957387997249
1115757	20.696524041156383
1117268	16.990540142535593
1117582	21.13961377359058
1119546	21.31218698820537
1121124	16.913597001698133
1123053	21.918501554261432
1127312	14.133633394761251
1137182	15.55472619855162
1139064	8.198527966454341
1148115	20.23781061564657
1158728	9.460403809216482
1162090	8.7764384835528
1163343	14.036127693020715
1166333	9.491643863571461
1170950	18.631656905010313
1171262	18.346626183428107
1171353	22.927201834351422
1172355	20.907787473509483
1172434	7.900697995031286
1174317	34.59836346966561
1178298	15.071804689825921
1178769	25.02039233173101
1179679	9.528969676595445
1182812	16.631165030016522
1185900	14.637385248779509
1187580	12.09936689111696
1188811	10.415932123433564
1190192	9.260973039267382
1194098	9.715943830574492
1194105	8.044089826647783
1195554	12.238627838642678
1209499	22.832856707285078
1223568	9.44578164736397
1226989	10.33120208013948
1227138	8.173371126556207
1227863	14.878333558534342
1229784	14.726343016007883
1229883	16.67023671984499
1229884	11.026334764779833
1230386	14.346984975803782
1231137	9.979728266101205
1231138	11.31669887601126
1234566	20.574993222168548
1234567	32.560920565382865
1257781	13.873885749603259
1258316	15.616165717622984
1290791	12.371865167625156
1291284	9.616218252612297
1293967	9.405497812274053
1294010	24.547100765788013
1294201	16.891872979692874
1294411	9.445115401568865
1294457	34.992735045464
1297134	12.820155748151922
1297235	14.552518235010282
1303546	15.611119835509122
1303557	20.476274606252264
1303601	12.579639127491822
1303602	15.224122440186747
1314372	9.279929921162864
1323144	14.27610812197279
1327877	15.07177599473279
1328949	50.79200353874351
1329124	27.821262868857218
1329126	8.162406573310793
1329146	49.67150111628988
1329572	27.73678061703644
1334078	21.715699363364156
1334079	11.804862824936041
1336871	9.570935062123691
1338712	10.088627626983897
1339668	17.030258767956784
1351986	8.420841512049853
1359958	9.793670763267087
1362075	13.323790477382413
1372246	9.055667826801397
1372251	12.765685503388804
1372252	10.882796322380463
1372257	37.62858569001613
1372450	12.871897404702274
1378545	34.62141767159445
1378547	10.490837068114093
1378548	8.120821217882412
1396347	13.236479201137529
1427535	14.264610333547594
1442100	21.382747349175673
1443634	10.648398130416354
1457795	10.757315542919768
1458695	10.273268930839698
1466988	16.84058705986921
1470615	10.786352164836893
1484502	9.004788830484685
1496246	14.700122328352464
1587877	11.392320648021888
1600190	45.834623408396794
1610963	10.989355739667017
1617577	8.156434564477008
1619637	15.736470068965405
1627635	30.42195170222297
1628548	13.653551542938152
1652360	18.561467691366204
1655470	9.607305362796355
1660558	50.25573739566038
1660559	12.886094925667688
1662223	8.87170638716999
1667802	11.113978369077877
1675454	16.665734419545576
1675455	26.902285363116327
1675456	36.20254564111945
1675741	11.736781757368014
1681652	8.497594051046576
1683869	16.580071075191487
1683894	11.343584546696441
1693561	12.389721071656577
1693562	16.27423331436905
1693575	16.229119213269087
1705104	49.64367645581023
1711150	14.09370385242356
1711169	15.397015010717885
1712841	21.490395337013315
1712842	11.123469286849005
1712845	14.092502251142918
1724236	23.66788045927247
1724668	10.908006788874065
1727508	15.529926199766486
1727545	11.775535532800035
1731262	8.393026328585242
1734683	7.731769155713358
1734688	13.348893410638054
1734690	9.788233858810539
1734766	9.68397765760045
1739235	9.249496893993916
1739236	7.960364500063993
1741562	8.415750318898796
1743182	23.010573963792414
1743315	15.282873406216446
1756420	7.956815088201621
1773760	12.540110784201698
1781207	17.093373448008585
1785592	10.733946103767678
1786207	12.380715712972808
1790902	7.219764720338506
1791678	15.873382276396969
1796422	8.349866918531763
1811612	10.456389172609317
1813246	18.544457594337043
1813325	13.814065138003249
1826344	13.79644638277955
1833156	22.530111890883717
1843102	8.228284923743766
1843884	12.553886524183524
1850653	14.847937651569845
1857204	16.193322928649273
1858203	9.815616929434757
1858207	11.049404182920057
1858208	9.383653742934527
1870222	19.796310576333305
1871409	11.428474424589428
1879394	12.034194536380301
1884457	15.398515579979257
1884458	55.38591778402091
1884459	13.954799297506437
1884462	11.101303333611384
1885094	13.889745350246088
1888820	13.810237696128908
1890605	8.939857776153607
1890610	8.939857776153607
1890615	12.0766657617651
1890758	16.62155489485083
1902833	8.902291763536688
1911606	10.660034537880916
1912246	10.840590490446042
1935490	19.081925098265714
1951036	8.867732844677754
1955413	10.828645240000894
1961289	14.229633262618314
1963583	15.690359955804718
1963616	10.595226459617715
1966378	19.8402329183942
1966379	9.222595964196257
1968796	11.591159925224943
1969670	10.069284837516685
1970142	8.49609219204072
1970208	10.299302903056528
1973204	26.350546776439003
1973258	14.835463977795868
1973259	21.12225591615843
1973417	22.701395087195998
1975946	10.623451622300582
1976663	11.246585501854312
1979254	20.690952823866674
1983135	39.14566350641234
1983224	12.323217578418943
1983741	84.68680743824086
1988138	44.3496556942841
1988139	15.377976864283491
1988146	11.71211363946712
1988147	7.474952273846718
1988183	15.133511308669956
1988570	9.1628150035474
1988571	19.524410215661018
1988920	7.746527880403354
1991314	13.475220735492869
1991603	17.932096480015183
1992704	9.287587829007007
1992908	9.186504722813758
1993170	8.278724974006797
1993171	7.464368250773587
1993172	8.729527571884569
1994883	11.05847562055194
1996095	11.15893808154539
2044270	10.061327322534709
2048787	24.312589228518746
2059239	8.469253348374622
2059240	15.793666145670223
2066129	7.347485889831804
2069008	7.9633883737304725
2087772	19.070166836390612
2093464	12.12383347972818
2094010	10.136816463087156
2094011	12.364384541218916
2120802	12.7069743629164
2122378	11.074294614415447
2136386	9.594461516320672
2136405	14.548568118990065
2137497	9.340782629105862
2139834	12.43729309221671
2147489	20.26865503398449
2151394	8.062662147912956
2169031	12.79529439085694
2169560	10.192997139188051
2170569	13.03405806799909
2180201	8.554452919103424
2182111	136.68070274719253
2182789	8.794657872441498
2184453	10.283182357186357
2185706	16.644508050991544
2185741	11.093468958298235
2186139	16.813341095854195
2186140	13.467331441457155
2186751	13.92050273542063
2187706	13.097390262012494
2187727	9.188222731082044
2187865	25.46286774965858
2188452	12.57780253282208
2191826	14.960866247558847
2192568	23.566470095742464
2192569	8.118976267386282
2196195	22.652027532024693
2196196	24.590660291956812
2196200	9.603508736181269
2198181	11.510147641925144
2198182	13.681164293363707
2198183	14.754960012090304
2198186	9.741310257784924
2198408	10.161150942073423
2198409	9.09795131814518
2198522	10.510256614528943
2199186	9.817218798750009
2200329	13.422494777749868
2207416	17.448892203334154
2207890	12.071894673307657
2212473	17.079089749808098
2214236	8.357003529086374
2214626	8.61783753141301
2215097	10.63694478896435
2215099	34.72507292023304
2218849	8.67099094046692
2218851	21.695134253506026
2219297	26.357641078514174
2219781	9.837384641145189
2220454	14.298820684503582
2220455	10.000160234584861
2220943	33.12705818082164
2221481	8.864704796420227
2222950	9.644428774427135
2224122	13.426578895034494
2224613	10.699101740686507
2224614	16.35652668695704
2224802	14.56981573502094
2226970	18.201787825700226
2237580	43.22143891465232
2242250	14.321251820713636
2244177	11.605591065542916
2248237	18.34671088287845
2251002	11.044020001867988
2251007	10.633161235684387
2251013	13.798608119353453
2251714	16.49045626923904
2251715	14.058045358720527
2251716	20.06917613629089
2253407	7.7029881954362125
2257734	13.306416805572702
2260030	8.257790160336082
2260715	23.688170779899295
2263133	13.12393256505608
2264094	10.327959694290769
2264426	13.996118918949588
2269733	9.225863613791626
2271362	10.022708454922387
2278547	9.057628974379554
2278548	15.594949218413218
2278552	8.269345728974198
2279133	18.675667797003662
2280736	7.494988558167771
2282048	16.77650531838797
2282683	13.901861795246212
2283088	10.110481954127204
2295721	16.04206202611033
2304028	7.780240143995165
2305081	9.481025712233176
2308889	16.99368608791934
2311970	9.520440741656753
2311972	14.239228256527932
2312374	18.961109243103227
2312375	8.611876609369771
2313515	15.761720182317278
2314025	7.417069881563359
2314560	7.700454148538685
2314561	12.51807059427642
2316333	10.399668343830678
2322963	10.356729255916193
2329407	13.623440723743753
2375263	13.282556672590536
2375264	9.912337448245149
2381854	13.353445734303566
2384002	14.853448723680035
2384031	10.994516013144953
2384037	20.113697432484308
2386065	14.243070910982937
2386618	13.770390181451347
2387180	15.5028370764427
2387854	7.904601313347225
2394018	10.892415378644428
2398539	9.142358496329056
2401411	12.932245606286918
2409330	11.039000114730683
2409563	8.14164765623297
2412363	11.151392377418553
2413862	10.56159074502723
2420272	11.767802876914436
2420278	9.168214408293025
2420819	16.713540851940213
2420824	8.547968107819198
2433471	9.114735034585244
2433472	47.5856554326597
2433803	19.685730516939074
2436662	11.923680004067238
2436663	22.937368624790366
2436664	24.943400258864223
2438637	9.361754391474005
2448585	10.82310920883799
2452894	14.559635322996797
2454374	13.445904378447175
2454376	11.361433456455261
2458010	10.037096558340957
2460467	12.493725759253348
2460468	8.586272342236233
2466007	24.83925833329739
2468109	8.840436832877497
2470339	36.95176614470798
2470341	14.810620394462507
2474227	13.547497177937586
2476050	9.481704010216575
2476551	12.461004267868322
2484261	14.44969343369989
2486915	16.814251506863624
2487698	10.134733791783704
2492111	10.750681297316088
2492114	8.756642611190491
2492115	13.934035391938158
2492409	18.966506993025245
2494566	29.735659315202103
2496439	11.346907583532731
2496483	11.903670910599127
2497238	10.18069665878116
2497878	23.81437877281729
2501080	10.693707468846556
2502511	39.62292187083602
2503033	26.42380395788096
2504838	12.508625799477763
2506586	24.977568561388647
2509749	23.25130321501699
2513851	17.163728023881095
2513852	21.321472133762068
2513990	16.21956514960922
2514429	15.593345983637409
2519835	9.952630291884528
2523126	13.694979947484619
2523128	20.55091899614641
2523338	89.26803693688719
2523954	18.004523467978025
2523978	10.86871666757298
2524436	10.84549877165162
2524504	19.691692385898907
2525058	10.660807412771256
2525362	21.75353899003726
2527647	8.36411095328527
2528220	8.882474902133675
2528221	13.096904215181292
2528312	13.847689224212166
2528862	9.742449507998932
2532999	10.418956672522123
2535091	9.376698139991419
2541961	8.026331300060995
2542248	10.893079037703785
2545972	9.746523448725071
2554833	14.975315463059514
2556785	9.705734059410222
2557521	15.894537039027334
2557803	7.09656630101628
2558131	20.318244022102196
2558455	13.280444250130145
2559695	10.384991226717979
2560246	10.506961749646457
2560247	9.32194742653051
2560257	13.721503507664352
2562397	9.844598196320927
2562453	24.995377892361432
2568100	8.550366932560589
2568541	15.188371649723383
2568846	7.8386105995037525
2569821	21.143093970352506
2572055	12.408943820361316
2572056	13.699725374605293
2574955	9.178637242432494
2579578	13.821642073629413
2579580	11.817598787962474
2579586	9.855926843200116
2580305	9.31761939374144
2580307	14.345709307231433
2581573	9.592166538405786
2581709	10.856703635902253
2582075	9.427686917163832
2582369	9.289461829300413
2584415	17.31271074898774
2584944	10.856291256590854
2585866	10.61547437842835
2586376	8.912257449687626
2586397	35.702861065686115
2586607	10.934927025200627
2586883	12.131721343464426
2586908	11.120167926982248
2587211	14.264121557852073
2587212	12.028037461202882
2587216	15.475612494115826
2587320	27.24306204105547
2587400	34.313386420675236
2587446	8.588771661194011
2588293	20.558455508320442
2588472	19.98115902278933
2588474	13.810832407516806
2589487	13.089498877232101
2589488	22.045306767141355
2589542	15.209344785006412
2589576	18.788345051705786
2589652	8.14605436189017
2589653	17.28828938236142
2589654	17.909206371805347
2589655	8.428194756806269
2589905	18.301110381561987
2591107	10.337592501131194
2591140	9.586264405150937
2591420	18.79349664289405
2591421	10.798392510780813
2591442	25.354427062077402
2591753	9.30161201970725
2596774	20.009758992535488
2599750	7.498430442503569
2606260	9.160704969662351
2607052	14.262237652441812
2610405	47.53626574989796
2610657	9.170306180777393
2620617	11.416872088265938
2620618	10.308320342249738
2620622	9.888261671609989
2630926	11.966808263676498
2631286	19.686831712850402
2631287	11.40840852689471
2631289	8.036112188739494
2631655	15.78317924242356
2631656	11.25927428770148
2641093	15.432873724651783
2645002	9.495968482680928
2645709	15.822792056115533
2645710	19.25341252937618
2650014	7.972652987683457
2650477	11.20059866018237
2651725	14.46105710826758
2651768	19.543633597675502
2651769	11.967602493025804
2651770	25.473107921676043
2651771	9.663801250142509
2651774	8.836061551767646
2651775	7.896568379509928
2652606	26.482204320915958
2652835	9.938730589756656
2653151	10.328525827960028
2655505	17.751053026628824
2656119	8.823895300152428
2656299	11.764437838803678
2656911	11.07437664232464
2656943	11.057272952878549
2656944	19.612569405686546
2656977	13.094092950962
2657012	14.702772515139547
2657319	9.839286307664262
2659472	15.727003071299947
2693096	8.087956855042524
2693097	11.183587050248239
2694442	13.860525890074364
2698903	9.024804908331433
2702454	7.246655793247745
2704616	13.673949268256294
2705127	11.62282045123216
2712137	9.398442410380824
2721419	13.476048291630534
2727062	17.025895290768347
2740133	18.542068685401524
2746095	23.449468961603245
2750744	11.442239880721464
2751284	17.67081848300808
2763415	14.517889598930353
2782433	9.391398999438053
2786543	39.82173546510453
2788984	11.38478818603464
2788989	116.85557559107428
2789023	18.684377799371845
2789413	8.217684189186016
2803855	20.12603832557628
2805038	22.79325256284113
2812272	12.298292344262512
2813092	8.422468141810073
2817092	7.553127791893184
2828762	8.320965008674698
2832106	20.153723914365816
2841231	7.465778674515079
2848429	18.816303450271796
2849646	17.50755764397434
2850657	9.57507467376401
2850690	7.297735720513206
2851954	11.849361028350216
2852178	18.452986799777843
2855354	15.196580141045011
2856688	29.91239149393364
2858574	10.216301271533316
2867681	10.887147337117629
2869993	11.245505699922827
2870616	17.081697054383937
2876130	9.15515219068671
2876134	9.486150420892223
2883811	20.152113750883476
2883812	10.133121362419608
2890350	9.966252687561493
2890352	13.774776289153904
2890353	27.71642687729936
2890354	26.83740539193178
2890355	9.283951841232213
2890358	13.518559674761484
2890359	13.198973422938831
2890364	13.198973422938831
2890366	13.969490142016504
2893280	9.756855459787664
2893281	10.891326563008368
2893282	8.30094906905724
2905267	46.94239491122844
2912405	20.42654773322519
2914295	11.79964577842779
2915601	14.315813110110508
2924609	61.28718239289566
2924663	9.115347686371184
2928951	16.090076677636237
2931967	15.541983243370325
2932003	17.991645529288355
2932340	9.075311599481045
2963952	11.26027617714414
2985545	15.270059469150027
2985546	11.705833070373188
2985547	14.207471788398555
2986801	13.0827150374122
2987255	12.459342836248066
3002940	14.102251618962946
3005386	17.095675695463672
3006980	8.38926425160719
3008724	22.20889449052554
3015532	19.842095741869013
3018823	12.43114375792046
3018828	10.357652872496178
3018832	10.108975522162261
3018837	8.597415246839958
3018839	7.92807222618739
3019093	14.662900407028634
3030810	17.81544231389042
3031877	8.11589317456659
3050590	9.652844530620714
3051353	58.035399352722
3063369	10.718726895222602
3063371	34.02844460807214
3064329	13.542985677927355
3064898	15.601500525067985
3074943	50.92100371347659
3076350	10.684560896531194
3083820	14.055777802894646
3084026	8.807024388542192
3085031	12.347649520690752
3085653	14.517310422577339
3086074	7.675972598156511
3086133	12.826299779387025
3086189	12.215930577960151
3086441	46.450020201045184
3098096	15.832376180773348
3098153	10.929750966467882
3098934	10.64362191583794
3107199	9.867725804439011
3112598	14.070986929220854
3116588	18.543436525519663
3122198	7.767873020595707
3122441	8.722443235390399
3125143	35.89955733765234
3143251	11.44157804095533
3143252	11.386340023974938
3144731	12.716316395968015
3151631	19.98873018120718
3155181	13.395645856931395
3159218	18.01619434240593
3159304	9.260783637058957
3160543	10.646477081697654
3160843	10.834585183510384
3161513	14.61966093432224
3163749	21.63217489386605
3165246	14.918885453421678
3165560	8.278288693341754
3165832	10.057579963393973
3165833	9.52401761639774
3165870	10.732944985759492
3166026	9.514310889740864
3167684	17.019929157871367
3167687	62.197349940269255
3167688	14.620957224694507
3167689	12.917113811060904
3169176	13.09148520635382
3170097	13.144213216029048
3170187	8.525388492238633
3170339	8.440843567877584
3171726	12.198468796525889
3171727	13.126273020269165
3172245	11.393344057199204
3174567	18.300391022883808
3174600	16.308135785708323
3175464	13.144164280790093
3175732	12.815075414360042
3176209	10.170161780950133
3178488	12.096432373417755
3178557	8.046903183198499
3178932	9.391182997208793
3178934	25.1487046086803
3179910	10.448086184474429
3180059	13.378812877443393
3181353	9.17872094864646
3181475	17.50977976030652
3181476	9.070908088612299
3181766	9.745717000336457
3183193	14.749306357730596
3183343	13.70987771220819
3183481	7.852342061978103
3183482	8.214954522529203
3188190	14.447090878762221
3191723	12.455259254975061
3192990	27.404272841953013
3198157	12.12349487934064
3199926	62.04766379868463
3201131	18.218165256086074
3205986	12.463206834335214
3205987	29.42998756689114
3205988	14.67206811272767
3205989	8.439684035662124
3205990	11.983498199648615
3213091	8.33839708194511
3215457	10.132750742073409
3216513	8.911888727703678
3218030	11.084028238580801
3220689	13.466216216290698
3222345	45.872632914054044
3222346	11.943534587007562
3223974	15.438809884615806
3225015	21.23816889880695
3229372	15.982667101684326
3230701	9.746785498448272
3230907	16.66413414824829
3232323	11.661841638012865
3232740	8.1926838690798
3232756	7.832632392013861
3232762	24.280271740337483
3232936	9.635325463792343
3234181	17.119347509994732
3235394	7.41946623412317
3240997	10.177601163399467
3244712	14.639694822781484
3246896	14.915869101904008
3248649	23.100470931346038
3248687	10.955029070056952
3248726	8.535976872819255
3249379	11.036054682601046
3252674	18.355279146671325
3252675	9.992759076523289
3252676	8.755091669309609
3253271	10.886965871384135
3253331	14.035712312226565
3253332	15.59734458037552
3253336	7.418951483792712
3253340	14.818531727250864
3253341	7.418951483792712
3253345	10.822419306347223
3253349	8.038037552503766
3253350	11.161057209204468
3253363	7.458935020926722
3253421	7.649190981529804
3253422	13.731162144699404
3253423	12.951343510563278
3253426	7.649190981529804
3253431	13.878317263798955
3253513	9.026752644911692
3253514	11.91868082900711
3253518	10.771630251547526
3253522	39.12532940947211
3253523	50.04410894154796
3257373	11.975909716652602
3258544	16.68838085029385
3261679	21.366500648259603
3263858	7.650086078137141
3265823	13.123756183320715
3266781	9.142096788960735
3269314	10.930825692188325
3270641	11.401645931911405
3271942	17.015165662609522
3272314	16.057159824738136
3272319	11.8044201431942
3272324	8.790850955312331
3272570	9.406735200109603
3275514	11.519725049385773
3275592	39.690033073826775
3275663	34.378181576254896
3275766	18.215781082356305
3275892	9.095540602220396
3275894	20.663945204668494
3275896	13.89236624233709
3275982	11.708576796343445
3276934	12.222778588911936
3278299	13.72730531626689
3278482	27.06331576528902
3278555	10.7496334311562
3279094	25.613032617006027
3280214	29.372572202648332
3280219	10.324937368883353
3280221	11.611654497885866
3280226	11.611654497885866
3280227	11.921453267321308
3280706	31.408867176900298
3282952	78.04773285232272
3282996	23.383046068761384
3283398	20.59759126188123
3283724	30.15213009822863
3283867	29.569143435935064
3284108	12.624624152078404
3289035	10.290068953560656
3291279	12.658998776616137
3291280	9.05286044031532
3292858	11.293139189196616
3292972	12.280648419793632
3293396	23.53896402828734
3294155	13.264064650666226
3294727	8.149162413224664
3294728	47.529568481912214
3294729	8.56814453582979
3295835	29.880210058072635
3295917	16.37957861477301
3296138	8.368199033391488
3297824	11.298936000408965
3297829	15.04126391646792
3297834	15.58962540676982
3298203	9.420928259265706
3298208	35.81100085380057
3298210	16.72045347214836
3298388	7.445550848648365
3299971	7.211478099950538
3299972	19.549672425795073
3300595	10.916377307373587
3300596	9.427343086884203
3301699	10.954181717652977
3302592	10.044573658688348
3302761	38.62619862815031
3303102	12.365655383510646
3303568	9.983398146403871
3303586	7.452501830772279
3304300	12.783344502816249
3306887	17.112182788846226
3317334	23.63584779044498
3319846	28.72581785205848
3320065	7.686544826403975
3320772	7.450697857857955
3323129	8.073519100668742
3326238	9.894561845797046
3328102	19.772030992886727
3328107	25.291307140474146
3328108	18.20912532072683
3328513	10.016151505439034
3354216	9.85441378950938
3355576	9.913087754396546
3357733	8.785279529266887
3360687	10.325586099649543
3360688	100.22749486847083
3360767	11.844143579277741
3360769	10.900601875055159
3361214	15.345601469558199
3363136	11.54683987127168
3366400	19.930903193361832
3367613	11.658155818973734
3369052	12.263722603529565
3369510	15.565167157306398
3369929	15.174082049153611
3372364	27.044887463339847
3372524	16.339053575437674
3384839	11.036366404655464
3388805	9.062975451782945
3390563	45.19316730477913
3396335	23.914202873525255
3396336	24.71190839571842
3396337	11.036414398485864
3399492	8.094802557310327
3401408	15.058834940392558
3401410	8.9633789239576
3401413	92.16882180993967
3401481	20.577763684209895
3409089	9.645163689574353
3409090	23.131441472146278
3409527	13.323237761809741
3414676	23.17124704085002
3414712	9.692780971412477
3415156	12.718752597857076
3416019	15.587691352138526
3418044	22.579848879239815
3418618	8.991126995942711
3427982	13.420430285086463
3430087	17.008220728660973
3430088	22.128645751357727
3430090	11.463335573783837
3430820	11.72436902573319
3431198	9.971351257359686
3431199	20.77013870885099
3431709	9.40267066895968
3435678	13.43770986618785
3435778	24.482133987808716
3436164	7.758862787107356
3436247	9.857187208250458
3439198	15.807209417997367
3439199	21.211849391182778
3440172	26.567072117278038
3442905	10.08861194418007
3443422	7.885933972487519
3447495	13.218626298056328
3449081	8.512072530395063
3450062	58.13666013608451
3450063	17.999405539115344
3450829	16.522190160838175
3450899	26.30828650144109
3458032	9.958277433203545
3458516	19.106958273008544
3458885	21.27961624003827
3461290	12.024706873501462
3461291	9.17462429077992
3461292	8.439094711975741
3461296	74.81204825840395
3461297	12.441255866324175
3468931	15.425467959662855
3473582	8.892500321999293
3474322	17.262176517805283
3480042	28.379764579698307
3480291	26.75287963040476
3480292	16.193879881847614
3483105	12.16932576976115
3483384	7.634345296211442
3490351	9.34144490493146
3503674	11.936407471877322
3504470	12.140190000367795
3508628	12.063691728832262
3509403	9.34169876759754
3509404	13.44369480776157
3520769	12.963700002222735
3524503	33.890458891063865
3538328	13.970635153265341
3540283	16.89519895280916
3540760	8.472159165344221
3540761	11.665520200506606
3541221	12.876152029731916
3542239	8.279778888360855
3543051	7.94799279142588
3543606	9.864027133491529
3543607	12.433696159938286
3547237	9.576195173754027
3551741	29.510767220564208
3551742	8.380222217013527
3554511	11.781352522292504
3561253	8.63043104732754
3561254	13.674715641666827
3563572	11.875794671247576
3563639	23.302112810879013
3566530	17.82903305155113
3566620	31.589963250089713
3566625	13.829054663671755
3573273	23.127597698450813
3585066	16.646587152175034
3585471	8.370074902645177
3585472	33.864821645157924
3586741	13.744671052104133
3597659	11.019127331345393
3626326	13.909223040445601
3626900	25.127722014680813
3626901	19.925239267782057
3627263	25.19726718311598
3627264	8.888259898001436
3627541	24.41571904840255
3637958	11.01411262796709
3638430	7.171678868260212
3648653	7.6097811190308144
3649358	19.153150448390374
3649360	13.870408172932072
3649590	12.227062337847286
3650639	25.180795671330117
3652136	12.099104378277232
3655662	9.060253399355688
3656517	21.213755352288796
3656518	12.336978727814397
3657684	10.771184910636897
3660671	15.024727996836646
3661430	11.198703816182825
3661435	12.628465000363732
3664229	26.304633088386108
3664230	18.713138856287635
3676012	7.32416871377761
3676374	19.406070966119323
3676889	19.571908446186026
3677787	20.695578398445583
3677788	8.040889524790863
3682177	12.490406304849236
3682964	8.23804174730629
3691384	9.079537744679591
3691916	8.391134411586325
3692369	7.963453595581003
3692372	9.13230399229515
3692374	18.571742237623184
3692375	7.963344328996683
3692376	15.875141429725034
3692377	9.13230399229515
3692378	7.730460244405437
3692379	8.41651495559852
3692384	7.654589686761855
3692786	7.921114581051711
3692789	11.246833475996736
3692798	7.712742592673155
3696793	14.229297435721273
3700068	10.633077005621072
3700069	8.198137875530483
3700070	10.072187250263905
3700365	7.704502101089286
3721720	35.52289994484571
3730330	96.50885111353779
3730399	14.187293314163664
3733199	21.78676039939981
3736488	15.637465478397484
3736753	10.786879704239935
3737386	10.215043968912589
3737756	7.950922096002985
3738756	11.469034276078368
3738757	12.640921100544794
3738758	10.297816783747416
3740904	9.087555485361706
3740936	19.07136713509639
3742433	13.565351873498374
3742500	10.128152358843794
3742868	11.758225932151216
3743581	10.916864532476474
3743616	11.262837431216735
3743617	9.81492791089973
3746738	8.86830021230097
3747535	17.83865128592954
3747770	15.21421584677899
3751894	12.350357879758697
3754060	8.615496880473163
3754466	10.468414418452287
3755440	8.817017162977498
3755792	9.999852778259019
3756886	21.328645608112467
3757316	10.26637265889334
3757317	11.091509416307487
3757930	23.614858262614266
3761088	18.911891438870406
3761189	11.615332946270275
3762498	16.809107386507872
3763407	9.098216020730783
3766551	16.12811433869682
3766658	25.41197339597568
3766659	22.154755349798616
3766660	9.460664762027577
3768720	13.921072323217448
3769925	11.100220105671285
3773693	10.245341060995806
3775963	13.205009642363766
3776289	24.902519293649586
3776300	11.574775450401763
3776483	11.864445392769243
3776484	16.782841759182347
3776485	70.16647445686623
3776673	10.136203497573948
3776772	15.007868452635186
3777632	8.40328500539816
3777945	18.751904754142505
3778280	15.08238686388816
3778446	10.109989112963492
3778494	25.309684024763747
3779761	16.241939414854215
3779762	14.197082695115995
3780592	31.843320436812252
3780848	11.311780525025014
3782971	11.150602071914186
3783516	16.750818567438927
3784255	12.351854033229486
3784264	11.291137570087695
3784423	11.669625275646624
3784793	11.053492207645794
3784795	12.307122179756629
3785125	13.379048509457677
3785126	13.624595043348247
3785316	9.155923896048911
3785808	10.708395271579668
3785812	8.142666377285606
3786165	18.573957187864806
3786841	30.55442718733401
3789067	15.357216657721736
3789068	7.902748075968683
3789850	16.43628380081616
3792577	9.933589118635782
3793086	7.602758806440067
3793219	17.643359513489415
3793405	11.882070214499912
3793572	16.352234225004747
3795000	10.794054566186631
3795068	17.196201784508705
3797004	21.46213966872828
3797590	11.617723706267254
3798033	10.173389527280372
3802301	9.48677946198638
3803292	15.59372114368774
3804381	12.111922626842988
3804386	9.25907462426724
3805332	27.58997019325677
3805551	8.547293235805762
3816831	10.574746724682893
3837789	30.08394158042367
3837831	13.342401333371349
3837855	9.550367593035816
3838515	14.865963676733122
3838557	51.1402366048489
3838625	9.230064560094856
3838917	18.683960365775615
3838930	11.754165794107545
3839005	8.752183653978843
3839556	24.098969996026906
3839557	10.711758638812896
3839578	12.098952408397365
3839892	13.746400802702487
3839893	11.6460335637951
3839895	8.852265862805417
3839898	16.07057716514122
3839899	196.2650838964648
3839900	13.509099102577842
3839901	11.149438887605884
3839903	16.07057716514122
3839904	11.33053472590654
3840031	14.766064526162642
3840871	18.150821799832976
3840872	13.334342263003029
3840875	8.381434196739507
3841017	11.471319941331942
3841217	28.06538712105377
3841722	7.683554343501911
3841801	14.548350459725475
3841802	8.382043323649704
3841834	13.199994640234257
3843489	15.597254970475657
3843497	9.32862381755113
3843498	10.993117367997105
3844955	8.389167650455677
3845797	7.954620896090525
3846103	9.263764680726952
3846837	8.564272767571879
3846871	15.82790667794093
3846872	11.523249782762095
3846902	8.564285905429562
3846903	17.01452020864225
3846905	8.98646483601474
3847222	11.740182988491863
3847233	14.09551649915043
3847802	26.386157714983003
3849533	7.8794060800773735
3859771	11.823312949964507
3859866	7.4293565983541745
3861107	11.383303120210714
3861108	18.33847994629542
3861292	9.420689867092376
3862375	12.888741512662529
3863867	23.63961609993639
3864930	10.745895110132754
3865290	12.915518962155403
3866117	11.999938557884292
3870031	18.988141969922616
3870700	37.10126717662078
3870844	10.666780907177724
3871210	9.288551429500673
3871874	15.178235989510942
3874203	12.803576679053151
3874204	14.82291739151443
3875762	14.902576113709658
3877089	10.589474663868893
3877090	10.455025584214036
3878414	15.602137212487245
3885462	10.10783858648865
3885555	7.8905198457820305
3886500	13.820587227088046
3886543	17.94231602119001
3886879	10.694973790302901
3889697	10.456516590609567
3892355	17.569982322379783
3900007	8.27306629692012
3935270	11.826149090736038
3939602	54.34789651924314
3945523	11.941645370705093
3947717	9.117736232504669
3947841	9.118295951331142
3948237	9.827056094075978
3948273	12.818951529545732
3948352	8.51077792537098
3948353	8.034167964307077
3948355	13.014171646584975
3948356	9.865647081678269
3948357	12.043325059082484
3948360	294.8700479846907
3948361	19.31122289928239
3948362	12.565181854638872
3948428	33.39241410293601
3948429	9.087043170683138
3948440	21.783244594465256
3948626	9.714318698394983
3948647	8.740656959457809
3948648	9.9218545171377
3949015	20.29503219414914
3949483	11.479621398441427
3949580	11.211118106578557
3949581	15.699381239234919
3949664	13.33988069217326
3949784	52.97587202749678
3952493	9.921889197673568
3952546	12.01253345607407
3953760	9.077724081736857
3954208	19.97598937061593
3954209	15.034630037864112
3955978	9.306226128120763
3956329	19.741142418590464
3957039	27.63330391005377
3958170	15.677931406524715
3958197	9.540755662299585
3959114	9.143334038235574
3960646	17.177470926438048
3961177	8.554795600735911
3961178	8.795189062442027
3961382	7.365670189864017
3961425	13.770130464112714
3961426	14.015203051592735
3961427	9.265947610133054
3961430	13.543616188897904
3961431	12.225130672551861
3961570	18.195835606434834
3961623	13.020721127206244
3961915	13.493028320054947
3962628	44.715194651388515
3962632	7.962008028918959
3963187	11.167406550357377
3963361	16.338230649137742
3963431	11.020836015515812
3966364	34.65929738027677
3966408	9.561955678878856
3970057	22.19082785259922
3974466	8.897979713103757
3976600	10.736812334607963
3977035	9.321975928934231
3977513	8.795561843919305
3977514	15.957588832157377
3977515	16.16658392619719
3983934	9.307591147171115
3983935	10.797779225474185
3984346	8.35545471707069
3984349	17.75900337531714
3984350	19.0774851831809
3984351	12.898402016312428
3984371	12.018569107015033
3984407	11.593154996582859
3984794	7.877703768555193
3987232	14.989840063358793
3987299	23.173385380216743
3988404	8.047311838922782
3996268	10.90747963246702
3996560	8.31530334657734
4002607	10.56022714680008
4002612	9.842288224738441
4002803	11.009143378193235
4003898	10.472230069832511
4009720	12.68614192234239
4016842	14.137081542487312
4018734	15.01466255920993
4018740	23.200822436955487
4021878	15.816159033931376
4023180	8.271246894755734
4023228	12.452718978658451
4023569	15.949100281204975
4023572	15.567137795508444
4023970	25.503462233894833
4023994	7.565985297121055
4024465	14.336749642551874
4025459	10.97835136130298
4026620	9.642778017634122
4037278	15.31459101440096
4039985	10.485305253379666
4042371	13.064030958391738
4055741	10.38346249529625
4055742	14.369227784577888
4055743	24.06988015906225
4067672	20.251230221130392
4075852	14.718341754341
4080611	9.77479811173452
4080745	26.37117845799944
4081138	9.96379391637058
4081198	10.94188253467718
4081350	11.872001326010093
4081351	28.039432847624866
4081358	8.943185972076662
4081417	26.56910437698978
4081418	8.184854659471519
4081672	58.448584241631096
4081848	37.62066994656579
4082222	11.886846303193376
4082819	13.70733742544952
4083045	19.540733148234295
4083047	9.442815236884691
4085605	9.176144432194924
4086076	10.461416984820257
4087136	11.94951594078059
4089868	11.40473483151354
4089873	11.40473483151354
4089880	26.110527328228148
4090388	12.087528016232115
4091276	12.614830895255448
4091343	15.612725976559958
4091605	7.484868650510624
4093733	41.44113221254191
4093734	10.219094837049617
4094472	8.464425137134535
4095047	22.079736926747476
4095574	8.022448246378666
4096189	12.851975692189377
4096197	14.236086676384035
4096459	12.191046180725762
4097042	7.5337515152519865
4097046	9.967285085755735
4097368	8.755210416749335
4097560	14.452149327579853
4097561	10.373173489851062
4098859	11.095813744902049
4100049	16.49640019385336
4100164	12.18795206582852
4100494	7.9444798889441275
4101136	11.363276522187016
4101236	8.267131019167188
4101237	24.509407345777337
4101241	14.032759230122334
4101972	12.128655320548974
4103126	10.980435274736271
4103838	11.483580516686917
4107631	11.41265097192935
4113181	11.653492910747365
4113261	17.20325241088528
4114369	9.895288837994263
4114440	42.42787142499307
4114957	10.353618528325905
4115146	9.000671263653292
4117066	18.472244259787647
4121660	13.109937766119304
4121661	32.18869196757216
4121728	19.483160678453196
4121759	16.743060030403754
4121796	7.943128891872085
4122560	41.4202058001593
4122660	15.914490108124017
4122668	11.751660637780383
4122716	13.029893710635516
4122773	16.202787285956727
4123720	21.93008393771206
4124289	10.878099926605
4124900	30.767399414366928
4125128	26.236914812055712
4125638	16.633790107974065
4125683	18.662847441964164
4125830	8.736403307368697
4126055	9.769102488353777
4127063	25.105065629145166
4131293	9.333576373355504
4132863	10.993947934413997
4133920	14.342442367445747
4136716	10.890361595077257
4138337	12.472111418637692
4140165	16.86167777947478
4142189	10.270935082294251
4144332	10.363635642899219
4144409	19.725316730599616
4144410	11.970734713036984
4144845	10.574095047351776
4146750	9.333690670857544
4150282	17.46463074973162
4150438	12.33133384787462
4152340	13.013743606064336
4152686	11.065819322175567
4154536	8.9099806495908
4155229	9.412437937250992
4155629	11.75577852225081
4160191	15.976658971562541
4160443	12.776996593608843
4160502	8.48219266639206
4160759	12.643119901504724
4161552	7.419098475409394
4162518	15.289096504729866
4162857	14.374929841572614
4162858	16.123460575944243
4162890	11.505760589092532
4162891	17.322365546585605
4163262	14.00273457562934
4166022	10.461608087270557
4166982	16.307278107547354
4166983	9.712482910017176
4169417	16.680678068287545
4171496	7.3799058968203965
4173740	9.309436010234123
4173811	16.83045082727868
4179096	19.707419302505585
4179097	16.937413019386373
4179098	10.605155944690148
4179101	14.282805108577424
4179102	12.327890738845005
4179103	12.374200212652562
4179106	13.029318127292578
4179108	13.752535887214483
4179587	19.489216968608755
4179588	11.74969846229065
4179689	9.818482463600189
4179696	9.953361262476488
4191701	11.09985696985549
4198609	10.620441352611765
4198610	9.498867575298064
4199974	13.192233135160768
4200825	14.603187226759953
4206922	8.902939852252755
4209730	10.087719150947539
4214145	14.706343282494203
4224411	11.950373561446488
4224958	18.3661803818544
4224963	12.155174138012299
4224964	12.846675364297147
4224968	13.129804387634461
4228362	11.314782707543479
4240038	13.412511642676066
4240083	14.218938986905352
4241685	11.165182495096913
4241786	9.179682392919773
4242405	12.317735054451703
4243437	23.716547178793107
4243546	7.9181934270292125
4249063	10.26699984056363
4252126	10.337643297380728
4252127	19.731246436894445
4270445	31.683853670251022
4271117	25.02627663006071
4271149	17.4818276077037
4271593	16.627401072541417
4273381	8.766469965940239
4282371	13.84141486854333
4283355	24.011099035740987
4283398	87.71564085015962
4283399	8.775585289870232
4283403	12.302304802684406
4284804	9.02613368470534
4285781	14.077724446774917
4287023	11.511736336036268
4290031	19.52916529621806
4294955	12.871312117696128
4298001	15.779562342062247
4298366	8.62099919397402
4301930	10.384008002992775
4309430	16.77118522117961
4312035	10.747466694593088
4313368	13.802133490867432
4313376	7.894935132870023
4314450	8.90835240712289
4315440	40.86730223518956
4320308	8.429433016303626
4320867	12.2945000544717
4321093	26.55189924876224
4322344	15.370362613355201
4323846	27.976918171000403
4330720	12.212595899650648
4341659	7.72217101716903
4346108	11.350617707981666
4346830	9.368293492708984
4349044	10.611394342214476
4350462	7.782255693127951
4350463	9.00373360440327
4350551	30.814407854364834
4359371	8.492242128607625
4366893	20.7968999927983
4366894	13.924116145914702
4367020	31.56209128599703
4369699	7.726427648953503
4370101	11.849964230024826
4370299	8.282379397971415
4370303	68.15071192317428
4370304	8.282379397971415
4372292	15.894854119113488
4372293	13.020808046328469
4385321	21.086695673279547
4385322	15.307018448539168
4392990	8.124218843783945
4393368	10.605456153166498
4396293	29.61294547280074
4397986	8.581760975612807
4398646	15.700198570256722
4398654	20.97862295255051
4411028	9.10757766570244
4424748	14.993680775005558
4424958	24.696367657106933
4425084	11.570161900509664
4425898	24.396298650430555
4425990	13.166379361837864
4427918	12.632513684703685
4432345	31.913095571810416
4432356	11.684253166987151
4471501	10.492490318712255
4471504	13.625937571369699
4475423	9.542369649607863
4476613	8.29363398853937
4478563	11.562036072452482
4489317	13.015054042350997
4489383	24.817328776031697
4532541	18.184079632602042
4536458	18.468826497590502
4537190	9.185620016651958
4543376	11.451890042182493
4543378	12.528125703731689
4543809	11.149983323086424
4549128	10.799720081969337
4549635	34.54373933681574
4550267	8.359453913555368
4554392	14.964405385481045
